	massa A		
t	x	y	
0,000	4,430E-2	0,559
0,100		
0,200		
0,300		
0,400		
0,500	3,919E-2	0,559
0,600		
0,700		
0,800		
0,900		
1,000	3,699E-2	0,553
1,100		
1,200		
1,300		
1,400		
1,500	1,084E-2	0,555
1,600		
1,700		
1,800		
1,900		
2,000	-2,053E-2	0,551
2,100		
2,200		
2,300		
2,400		
2,500	-3,389E-2	0,550
2,600		
2,700		
2,800		
2,900		
3,000	-4,783E-2	0,550
3,100		
3,200		
3,300		
3,400		
3,500	-6,409E-2	0,547
3,600		
3,700		
3,800		
3,900		
4,000	-6,235E-2	0,545
4,100		
4,200		
4,300		
4,400		
4,500	-5,305E-2	0,546
4,600		
4,700		
4,800		
4,900		
5,000	-3,969E-2	0,546
5,100		
5,200		
5,300		
5,400		
5,500	-2,227E-2	0,550
5,600		
5,700		
5,800		
5,900		
6,000	5,030E-3	0,555
6,100		
6,200		
6,300		
6,400		
6,500	3,233E-2	0,555
6,600		
6,700		
6,800		
6,900		
7,000	4,162E-2	0,555
7,100		
7,200		
7,300		
7,400		
7,500	4,627E-2	0,555
7,600		
7,700		
7,800		
7,900		
8,000	4,511E-2	0,553
8,100		
8,200		
8,300		
8,400		
8,500	3,523E-2	0,553
8,600		
8,700		
8,800		
8,900		
9,000	2,129E-2	0,555
9,100		
9,200		
9,300		
9,400		
9,500	-3,682E-3	0,555
9,600		
9,700		
9,800		
9,900		
10,000	-2,750E-2	0,553
10,100		
10,200		
10,300		
10,400		
10,500	-4,608E-2	0,551
10,600		
10,700		
10,800		
10,900		
11,000	-5,422E-2	0,548
11,100		
11,200		
11,300		
11,400		
11,500	-6,060E-2	0,546
11,600		
11,700		
11,800		
11,900		
12,000	-6,235E-2	0,546
12,100		
12,200		
12,300		
12,400		
12,500	-4,783E-2	0,548
12,600		
12,700		
12,800		
12,900		
13,000	-2,866E-2	0,551
13,100		
13,200		
13,300		
13,400		
13,500	-1,240E-2	0,552
13,600		
13,700		
13,800		
13,900		
14,000	1,200E-2	0,555
14,100		
14,200		
14,300		
14,400		
14,500	3,407E-2	0,555
14,600		
14,700		
14,800		
14,900		
15,000	4,337E-2	0,555
15,100		
15,200		
15,300		
15,400		
15,500	4,743E-2	0,555
15,600		
15,700		
15,800		
15,900		
16,000	4,046E-2	0,555
16,100		
16,200		
16,300		
16,400		
16,500	2,536E-2	0,554
16,600		
16,700		
16,800		
16,900		
17,000	4,449E-3	0,555
17,100		
17,200		
17,300		
17,400		
17,500	-1,646E-2	0,553
17,600		
17,700		
17,800		
17,900		
18,000	-3,853E-2	0,552
18,100		
18,200		
18,300		
18,400		
18,500	-5,422E-2	0,549
18,600		
18,700		
18,800		
18,900		
19,000	-5,944E-2	0,547
19,100		
19,200		
19,300		
19,400		
19,500	-6,119E-2	0,546
19,600		
19,700		
19,800		
19,900		
20,000	-5,363E-2	0,547
20,100		
20,200		
20,300		
20,400		
20,500	-3,795E-2	0,549
20,600		
20,700		
20,800		
20,900		
21,000	-1,820E-2	0,551
21,100		
21,200		
21,300		
21,400		
21,500	9,643E-4	0,552
21,600		
21,700		
21,800		
21,900		
22,000	2,187E-2	0,554
22,100		
22,200		
22,300		
22,400		
22,500	3,814E-2	0,554
22,600		
22,700		
22,800		
22,900		
23,000	4,220E-2	0,554
23,100		
23,200		
23,300		
23,400		
23,500	3,988E-2	0,555
23,600		
23,700		
23,800		
23,900		
24,000	3,059E-2	0,555
24,100		
24,200		
24,300		
24,400		
24,500	1,432E-2	0,553
24,600		
24,700		
24,800		
24,900		
25,000	-7,748E-3	0,553
25,100		
25,200		
25,300		
25,400		
25,500	-2,692E-2	0,553
25,600		
25,700		
25,800		
25,900		
26,000	-4,492E-2	0,552
26,100		
26,200		
26,300		
26,400		
26,500	-5,480E-2	0,549
26,600		
26,700		
26,800		
26,900		
27,000	-5,944E-2	0,547
27,100		
27,200		
27,300		
27,400		
27,500	-5,596E-2	0,548
27,600		
27,700		
27,800		
27,900		
28,000	-4,725E-2	0,549
28,100		
28,200		
28,300		
28,400		
28,500	-2,692E-2	0,551
28,600		
28,700		
28,800		
28,900		
29,000	-8,910E-3	0,551
29,100		
29,200		
29,300		
29,400		
29,500	1,200E-2	0,553
29,600		
29,700		
29,800		
29,900		
30,000	3,117E-2	0,555
30,100		
30,200		
30,300		
30,400		
30,500	3,930E-2	0,555
30,600		
30,700		
30,800		
30,900		
31,000	3,930E-2	0,554
31,100		
31,200		
31,300		
31,400		
31,500	3,349E-2	0,555
31,600		
31,700		
31,800		
31,900		
32,000	2,187E-2	0,555
32,100		
32,200		
32,300		
32,400		
32,500	1,545E-3	0,554
32,600		
32,700		
32,800		
32,900		
33,000	-1,878E-2	0,553
33,100		
33,200		
33,300		
33,400		
33,500	-3,505E-2	0,552
33,600		
33,700		
33,800		
33,900		
34,000	-4,899E-2	0,549
34,100		
34,200		
34,300		
34,400		
34,500	-5,828E-2	0,547
34,600		
34,700		
34,800		
34,900		
35,000	-5,712E-2	0,549
35,100		
35,200		
35,300		
35,400		
35,500	-4,666E-2	0,548
35,600		
35,700		
35,800		
35,900		
36,000	-3,505E-2	0,549
36,100		
36,200		
36,300		
36,400		
36,500	-1,588E-2	0,552
36,600		
36,700		
36,800		
36,900		
37,000	4,449E-3	0,553
37,100		
37,200		
37,300		
37,400		
37,500	2,246E-2	0,555
37,600		
37,700		
37,800		
37,900		
38,000	3,465E-2	0,555
38,100		
38,200		
38,300		
38,400		
38,500	4,046E-2	0,556
38,600		
38,700		
38,800		
38,900		
39,000	3,698E-2	0,556
39,100		
39,200		
39,300		
39,400		
39,500	2,478E-2	0,556
39,600		
39,700		
39,800		
39,900		
40,000	1,200E-2	0,555
40,100		
40,200		
40,300		
40,400		
40,500	-7,167E-3	0,555
40,600		
40,700		
40,800		
40,900		
41,000	-2,750E-2	0,553
41,100		
41,200		
41,300		
41,400		
41,500	-4,260E-2	0,551
41,600		
41,700		
41,800		
41,900		
42,000	-5,131E-2	0,550
42,100		
42,200		
42,300		
42,400		
42,500	-5,770E-2	0,547
42,600		
42,700		
42,800		
42,900		
43,000	-5,247E-2	0,548
43,100		
43,200		
43,300		
43,400		
43,500	-4,086E-2	0,549
43,600		
43,700		
43,800		
43,900		
44,000	-2,575E-2	0,552
44,100		
44,200		
44,300		
44,400		
44,500	-6,006E-3	0,552
44,600		
44,700		
44,800		
44,900		
45,000	1,316E-2	0,553
45,100		
45,200		
45,300		
45,400		
45,500	2,652E-2	0,555
45,600		
45,700		
45,800		
45,900		
46,000	3,581E-2	0,554
46,100		
46,200		
46,300		
46,400		
46,500	3,814E-2	0,555
46,600		
46,700		
46,800		
46,900		
47,000	2,943E-2	0,555
47,100		
47,200		
47,300		
47,400		
47,500	1,781E-2	0,555
47,600		
47,700		
47,800		
47,900		
48,000	-7,783E-4	0,556
48,100		
48,200		
48,300		
48,400		
48,500	-1,878E-2	0,553
48,600		
48,700		
48,800		
48,900		
49,000	-3,563E-2	0,551
49,100		
49,200		
49,300		
49,400		
49,500	-4,957E-2	0,548
49,600		
49,700		
49,800		
49,900		
50,000	-5,596E-2	0,548
50,100		
50,200		
50,300		
50,400		
50,500	-5,305E-2	0,548
50,600		
50,700		
50,800		
50,900		
51,000	-4,666E-2	0,548
51,100		
51,200		
51,300		
51,400		
51,500	-3,214E-2	0,550
51,600		
51,700		
51,800		
51,900		
52,000	-1,298E-2	0,553
52,100		
52,200		
52,300		
52,400		
52,500	5,611E-3	0,554
52,600		
52,700		
52,800		
52,900		
53,000	2,129E-2	0,554
53,100		
53,200		
53,300		
53,400		
53,500	3,233E-2	0,554
53,600		
53,700		
53,800		
53,900		
54,000	3,581E-2	0,553
54,100		
54,200		
54,300		
54,400		
54,500	3,291E-2	0,555
54,600		
54,700		
54,800		
54,900		
55,000	2,187E-2	0,556
55,100		
55,200		
55,300		
55,400		
55,500	7,353E-3	0,555
55,600		
55,700		
55,800		
55,900		
56,000	-1,240E-2	0,554
56,100		
56,200		
56,300		
56,400		
56,500	-3,156E-2	0,553
56,600		
56,700		
56,800		
56,900		
57,000	-4,318E-2	0,552
57,100		
57,200		
57,300		
57,400		
57,500	-5,189E-2	0,549
57,600		
57,700		
57,800		
57,900		
58,000	-5,538E-2	0,546
58,100		
58,200		
58,300		
58,400		
58,500	-4,899E-2	0,547
58,600		
58,700		
58,800		
58,900		
59,000	-3,853E-2	0,551
59,100		
59,200		
59,300		
59,400		
59,500	-2,285E-2	0,551
59,600		
59,700		
59,800		
59,900		
60,000	-4,844E-3	0,552
60,100		
60,200		
60,300		
60,400		
60,500	1,258E-2	0,552
60,600		
60,700		
60,800		
60,900		
61,000	2,768E-2	0,554
61,100		
61,200		
61,300		
61,400		
61,500	3,465E-2	0,553
61,600		
61,700		
61,800		
61,900		
62,000	3,581E-2	0,555
62,100		
62,200		
62,300		
62,400		
62,500	2,594E-2	0,555
62,600		
62,700		
62,800		
62,900		
63,000	1,490E-2	0,555
63,100		
63,200		
63,300		
63,400		
63,500	-2,521E-3	0,555
63,600		
63,700		
63,800		
63,900		
64,000	-2,169E-2	0,554
64,100		
64,200		
64,300		
64,400		
64,500	-3,447E-2	0,552
64,600		
64,700		
64,800		
64,900		
65,000	-4,783E-2	0,549
65,100		
65,200		
65,300		
65,400		
65,500	-5,305E-2	0,549
65,600		
65,700		
65,800		
65,900		
66,000	-5,015E-2	0,548
66,100		
66,200		
66,300		
66,400		
66,500	-4,202E-2	0,549
66,600		
66,700		
66,800		
66,900		
67,000	-3,040E-2	0,551
67,100		
67,200		
67,300		
67,400		
67,500	-1,414E-2	0,553
67,600		
67,700		
67,800		
67,900		
68,000	3,868E-3	0,552
68,100		
68,200		
68,300		
68,400		
68,500	1,839E-2	0,555
68,600		
68,700		
68,800		
68,900		
69,000	3,233E-2	0,553
69,100		
69,200		
69,300		
69,400		
69,500	3,640E-2	0,553
69,600		
69,700		
69,800		
69,900		
70,000	3,117E-2	0,556
70,100		
70,200		
70,300		
70,400		
70,500	1,955E-2	0,555
70,600		
70,700		
70,800		
70,900		
71,000	4,449E-3	0,554
71,100		
71,200		
71,300		
71,400		
71,500	-1,181E-2	0,553
71,600		
71,700		
71,800		
71,900		
72,000	-2,808E-2	0,552
72,100		
72,200		
72,300		
72,400		
72,500	-4,086E-2	0,551
72,600		
72,700		
72,800		
72,900		
73,000	-4,899E-2	0,551
73,100		
73,200		
73,300		
73,400		
73,500	-5,073E-2	0,548
73,600		
73,700		
73,800		
73,900		
74,000	-4,608E-2	0,549
74,100		
74,200		
74,300		
74,400		
74,500	-3,389E-2	0,549
74,600		
74,700		
74,800		
74,900		
75,000	-1,937E-2	0,550
75,100		
75,200		
75,300		
75,400		
75,500	-2,521E-3	0,551
75,600		
75,700		
75,800		
75,900		
76,000	1,258E-2	0,552
76,100		
76,200		
76,300		
76,400		
76,500	2,710E-2	0,553
76,600		
76,700		
76,800		
76,900		
77,000	3,233E-2	0,552
77,100		
77,200		
77,300		
77,400		
77,500	3,349E-2	0,553
